assets/sprites/mundo/atlas/ejemplo_atlas.png
50 50
32 32
17 7
544 224
90 90 90 90 90 90 90 90 00 01 01 01 02 90 90 90 90 90 90 90 90 00 01 01 01 01 01 01 02 90 90 90 90 90 90 90 90 90 90 90 90 90 90 90 90 90 90 90 90 90 
90 00 01 01 01 02 90 90 17 18 18 18 19 90 90 90 90 90 90 90 90 17 18 18 18 18 18 18 19 90 90 90 00 01 01 01 01 01 01 02 90 90 00 01 01 01 01 01 02 90 
90 17 18 18 18 03 03 03 03 18 18 18 19 90 90 90 90 90 90 00 01 03 18 18 18 18 18 18 19 90 90 90 17 18 18 18 18 18 18 19 90 90 17 18 18 18 18 18 19 90 
90 17 18 18 18 18 18 18 18 18 18 18 19 90 90 90 90 90 90 17 18 18 18 18 18 18 18 18 19 90 90 90 17 18 18 18 18 18 18 19 90 90 17 18 18 18 18 18 19 90 
90 17 18 18 18 18 18 18 18 18 18 18 19 90 90 90 90 90 90 17 18 18 18 18 18 18 18 18 19 90 90 90 34 35 35 35 21 18 18 19 90 90 17 18 18 18 18 18 19 90
90 17 18 18 18 26 35 27 18 18 18 18 19 90 90 90 90 90 90 17 18 18 18 18 18 18 18 18 19 90 90 90 90 90 90 90 17 18 18 19 90 90 17 18 18 18 18 18 19 90 
90 34 35 35 35 36 90 17 18 18 18 18 19 90 90 90 90 90 90 17 18 18 18 18 18 18 18 18 19 90 90 90 90 90 90 90 17 18 18 03 03 03 03 18 18 18 18 18 19 90 
90 90 90 90 90 90 90 17 18 18 18 18 03 03 03 03 03 03 03 03 18 18 18 18 18 18 18 18 03 03 03 03 03 03 03 03 03 18 18 18 18 18 18 18 18 18 18 18 19 90 
90 90 90 90 90 90 90 17 18 18 18 18 18 18 18 18 18 18 18 18 18 18 18 20 35 21 18 18 18 18 18 18 18 18 18 18 18 18 18 18 18 18 18 18 18 20 35 35 36 90 
90 90 90 90 90 90 60 03 18 18 18 18 18 18 18 18 18 18 18 18 18 18 18 19 90 17 18 18 18 18 18 18 18 18 18 18 18 18 20 35 35 35 21 18 18 19 90 90 90 90
90 90 90 90 90 60 03 18 18 18 18 18 20 35 35 35 35 35 21 18 18 20 35 36 90 34 35 35 35 35 35 35 35 35 35 35 35 35 36 90 90 90 17 18 18 19 90 90 90 90 
90 90 90 60 03 03 18 18 18 18 18 18 19 90 90 90 90 90 17 18 18 19 90 90 90 90 90 90 90 90 90 90 90 90 90 90 90 90 90 90 90 90 17 18 18 03 03 03 03 19 
90 90 90 60 18 18 18 18 18 18 18 18 03 19 90 90 90 90 17 18 18 03 03 03 03 03 19 90 90 90 90 90 90 17 03 03 03 03 03 03 03 03 03 18 18 18 18 18 18 19 
90 90 60 03 18 18 18 18 18 18 18 18 18 19 90 90 90 90 17 18 18 18 18 18 18 18 03 03 03 03 03 03 03 03 18 18 18 18 18 18 18 18 18 18 18 18 18 18 18 19 
90 90 60 18 18 18 18 18 18 18 18 18 18 19 90 90 90 60 03 18 18 18 18 18 18 18 18 18 18 18 18 18 18 18 18 18 18 18 18 18 18 18 18 18 18 18 18 18 18 19 
90 90 60 18 18 18 18 18 18 18 18 18 18 19 90 90 90 17 18 18 18 18 18 18 18 18 18 18 18 18 20 35 21 18 18 18 18 18 18 18 18 18 18 18 18 18 18 18 18 19 
90 90 34 35 35 35 21 18 18 18 18 18 18 03 03 03 03 03 18 18 18 18 18 18 18 18 18 18 18 18 19 90 34 35 35 21 18 18 18 18 18 18 18 20 35 35 35 35 35 36 
90 90 90 90 90 90 34 21 18 18 18 18 18 18 18 18 18 18 18 18 18 18 18 18 18 18 18 18 18 18 19 90 90 90 90 34 35 35 35 21 18 18 20 36 90 90 90 90 90 90 
90 90 90 90 90 90 90 17 18 18 18 18 18 18 18 18 18 18 18 18 18 18 20 35 35 35 21 18 18 18 19 90 90 90 90 90 90 90 90 17 18 18 19 90 90 90 90 90 90 90 
00 01 01 01 01 02 90 17 18 18 18 18 18 18 18 18 18 18 18 18 18 18 19 90 90 90 17 18 18 18 19 90 90 17 03 03 03 03 03 03 18 18 03 03 03 03 03 03 19 90 
17 18 18 18 18 19 90 17 18 18 18 18 18 20 35 35 21 18 18 18 18 18 03 03 03 03 03 18 18 18 19 90 90 17 18 18 18 18 18 18 18 18 18 18 18 18 18 18 19 90 
17 18 18 18 18 19 90 17 18 18 18 18 18 19 90 90 17 18 18 18 18 18 18 18 18 18 18 18 18 18 19 90 90 17 18 18 18 18 18 18 18 18 18 18 18 18 18 18 19 90 
17 18 18 18 18 19 90 17 18 18 18 18 18 19 90 90 17 18 18 18 18 18 18 18 18 18 18 18 18 18 19 90 90 17 18 18 20 35 35 35 35 35 21 18 18 18 18 18 19 90 
17 18 18 18 18 03 03 03 18 18 18 18 18 19 90 90 34 35 35 35 35 21 18 18 20 35 35 35 35 35 36 90 90 17 18 18 19 90 90 90 90 90 17 18 18 18 18 18 19 90 
17 18 18 18 18 18 18 18 18 18 18 18 18 19 90 90 17 03 03 03 03 03 18 18 03 03 03 03 03 03 03 03 19 17 18 18 19 90 90 90 90 90 17 18 18 18 18 18 19 90 
17 18 18 18 18 20 35 21 18 18 18 18 18 19 90 90 17 18 18 18 18 18 18 18 18 18 18 18 18 18 18 18 19 17 18 18 19 90 90 90 90 90 17 18 18 18 18 18 19 90 
17 18 18 18 18 19 90 34 35 21 18 18 18 19 90 90 17 18 18 18 18 18 18 18 20 35 35 35 35 21 18 18 19 17 18 18 19 90 90 90 90 90 17 18 18 18 18 18 19 90 
17 18 18 18 20 36 90 90 90 17 18 18 18 19 90 90 34 35 35 35 35 21 18 18 19 90 90 90 90 17 18 18 19 17 18 18 19 90 90 90 90 90 34 35 35 21 18 18 19 90 
17 18 18 20 36 90 90 90 90 17 18 18 18 19 90 90 90 90 90 17 03 03 18 18 03 03 19 90 90 17 18 18 19 17 18 18 19 90 90 90 90 90 90 90 90 17 18 18 19 90 
17 18 18 19 90 90 90 90 90 17 18 18 18 19 90 90 90 90 90 17 18 18 18 18 18 18 19 90 90 17 18 18 19 17 18 18 03 03 03 19 90 00 01 01 01 08 18 18 19 90 
17 18 20 36 90 90 90 90 90 17 18 18 18 19 90 90 90 90 90 17 18 18 18 18 18 18 19 90 90 17 18 18 19 17 18 18 18 18 18 19 90 17 18 18 18 24 18 18 19 90 
17 18 19 90 90 90 90 90 90 17 18 18 18 19 90 90 90 90 90 17 18 18 18 18 18 18 19 90 90 34 35 35 36 17 18 18 18 18 18 19 90 17 18 18 18 18 18 18 19 90 
34 35 36 90 90 90 90 90 90 17 18 18 18 19 90 90 90 90 90 34 35 35 35 35 35 35 36 90 90 90 90 90 90 17 18 18 18 18 18 19 90 17 18 18 18 18 18 18 19 90 
90 90 90 90 90 90 90 90 90 17 18 18 18 19 90 90 90 90 90 90 90 90 90 90 90 90 90 90 90 90 90 90 90 17 18 18 18 18 18 19 90 17 18 18 18 20 35 35 36 90 
90 90 90 90 90 90 90 90 90 17 18 18 18 03 03 03 03 03 03 03 03 03 03 03 03 03 03 03 03 03 03 03 03 03 18 18 18 18 18 19 90 34 35 35 35 36 90 90 90 90 
90 90 90 90 90 90 90 90 90 17 18 18 18 18 18 18 18 18 18 18 18 18 18 18 18 18 18 18 18 18 18 18 18 18 18 18 18 18 18 19 90 90 90 90 90 90 90 90 90 90 
90 90 90 90 90 90 90 90 90 17 18 18 18 18 18 18 18 18 18 18 18 18 18 18 18 18 18 18 18 18 18 18 18 18 18 18 18 18 18 19 90 17 03 03 03 19 90 90 90 90 
90 90 90 90 90 90 90 90 90 34 35 35 35 35 35 35 35 35 35 35 21 18 18 20 35 35 35 35 35 35 35 35 35 35 35 21 18 18 18 03 03 03 18 18 18 19 90 90 90 90 
90 90 90 90 90 90 90 90 90 90 90 00 01 01 01 01 01 01 01 02 17 18 18 19 90 90 90 90 90 90 90 90 90 90 90 17 18 18 18 18 18 18 18 18 18 03 03 19 90 90 
90 90 90 90 90 90 90 90 90 90 90 17 18 18 18 18 18 18 18 19 17 18 18 19 90 90 90 90 00 01 01 01 01 01 02 17 18 18 18 18 18 18 18 18 18 18 18 19 90 90 
90 90 90 90 90 90 90 90 90 90 90 17 18 18 18 18 18 18 18 19 17 18 18 19 90 90 90 90 17 18 18 18 18 18 19 17 18 18 18 18 18 18 18 18 18 18 18 19 90 90 
90 90 90 90 90 90 90 90 90 90 90 17 18 18 20 35 35 21 18 03 03 18 18 03 03 03 19 90 17 18 18 18 18 18 19 17 18 18 18 18 18 18 18 18 18 18 18 19 90 90 
90 90 90 90 90 90 90 90 90 90 90 17 18 18 19 90 90 17 18 18 18 18 18 18 18 18 19 90 17 18 18 18 18 18 19 34 21 18 18 18 18 18 18 18 18 20 35 36 90 90 
90 90 90 90 90 90 90 90 90 90 90 17 18 18 19 90 90 17 18 18 18 18 18 18 18 18 19 90 17 18 18 18 18 18 19 90 17 18 20 21 18 18 18 18 18 19 90 90 90 90 
90 90 90 90 90 90 90 90 90 90 90 17 18 18 19 90 90 34 35 35 35 35 35 35 35 35 36 90 17 18 18 18 18 18 19 90 17 18 19 34 35 35 35 35 35 36 90 90 90 90 
90 90 90 90 90 90 90 90 90 90 90 17 18 18 19 90 90 90 90 90 90 90 90 90 90 90 90 90 17 18 18 20 35 35 36 90 17 18 19 90 90 90 90 90 90 90 90 90 90 90 
90 90 90 90 90 90 90 90 90 90 90 17 18 18 03 03 03 03 03 03 03 03 03 03 03 03 03 03 03 18 18 03 03 03 03 03 03 18 03 03 03 03 03 03 03 03 03 03 03 19 
90 90 90 90 90 90 90 90 90 90 90 17 18 18 18 18 18 18 18 18 18 18 18 18 18 18 18 18 18 18 18 18 18 18 18 18 18 18 18 18 18 18 18 18 18 18 18 18 18 19 
90 90 90 90 90 90 90 90 90 90 90 34 35 35 35 35 35 35 35 35 35 35 35 35 35 35 35 35 35 35 35 35 35 35 35 35 35 35 35 35 35 35 35 35 35 21 18 18 18 19 
90 90 90 90 90 90 90 90 90 90 90 90 90 90 90 90 90 90 90 90 90 90 90 90 90 90 90 90 90 90 90 90 90 90 90 90 90 90 90 90 90 90 90 90 90 34 35 35 35 36 