assets/sprites/mundo/atlas/ejemplo_atlas.png
50 50
32 32
17 7
544 224
90 90 90 90 90 90 90 90 00 01 01 01 02 90 90 90 90 90 90 90 90 00 01 01 01 01 01 02 90 90 90 90 90 90 90 90 90 90 90 90 90 90 90 90 90 90 90 90 90 90 
90 00 01 01 01 02 90 90 17 18 18 18 19 90 90 90 90 90 90 90 90 17 18 18 18 18 18 18 90 90 90 90 90 90 90 90 90 90 90 90 90 90 90 90 90 90 90 90 90 90 
90 17 18 18 18 03 03 03 03 18 18 18 19 90 90 90 90 90 90 90 90 17 18 18 18 18 18 18 90 90 90 90 90 18 18 18 18 18 18 90 90 90 90 18 18 18 18 18 90 90 
90 17 18 18 18 18 18 18 18 18 18 18 19 90 90 90 90 90 90 90 18 18 18 18 18 18 18 18 90 90 90 90 90 18 18 18 18 18 18 90 90 90 90 18 18 18 18 18 90 90 
90 17 18 18 18 18 18 18 18 18 18 18 19 90 90 90 90 90 90 90 18 18 18 18 18 18 18 18 90 90 90 90 90 90 90 90 90 18 18 90 90 90 90 18 18 18 18 18 90 90
90 17 18 18 18 26 35 27 18 18 18 18 19 90 90 90 90 90 90 17 18 18 18 18 18 18 18 18 90 90 90 90 90 90 90 90 90 18 18 90 90 90 90 18 18 18 18 18 90 90 
90 34 35 35 35 36 90 17 18 18 18 18 19 90 90 90 90 90 90 17 18 18 18 18 18 18 18 18 90 90 90 90 90 90 90 90 90 18 18 90 90 90 90 18 18 18 18 18 90 90 
90 90 90 90 90 90 90 17 18 18 18 18 03 03 03 03 03 03 03 03 18 18 18 18 18 18 18 18 90 90 90 90 90 90 90 90 90 18 18 18 18 18 18 18 18 18 18 18 90 90 
90 90 90 90 90 90 90 17 18 18 18 18 18 18 18 18 18 18 18 18 18 18 18 90 90 90 18 18 18 18 18 18 18 18 18 18 18 18 18 18 18 18 18 18 18 90 90 90 90 90 
90 90 90 90 90 90 60 03 18 18 18 18 18 18 18 18 18 18 18 18 18 18 18 90 90 90 18 18 18 18 18 18 18 18 18 18 18 18 90 90 90 90 90 18 18 90 90 90 90 90
90 90 90 90 90 60 03 18 18 18 18 18 20 35 35 35 35 35 21 18 18 90 90 90 90 90 90 90 90 90 90 90 90 90 90 90 90 90 90 90 90 90 90 18 18 90 90 90 90 90 
90 90 90 60 03 03 18 18 18 18 18 18 19 90 90 90 90 90 90 18 18 90 90 90 90 90 90 90 90 90 90 90 90 90 90 90 90 90 90 90 90 90 90 18 18 90 90 90 90 90 
90 90 90 60 18 18 18 18 18 18 18 18 03 19 90 90 90 90 90 18 18 90 90 90 90 90 90 90 90 90 90 90 90 90 90 90 90 90 90 90 90 90 90 18 18 18 18 18 18 90 
90 90 60 03 18 18 18 18 18 18 18 18 18 19 90 90 90 90 90 18 18 18 18 18 18 18 90 90 90 90 90 90 90 90 18 18 18 18 18 18 18 18 18 18 18 18 18 18 18 90 
90 90 60 18 18 18 18 18 18 18 18 18 18 19 90 90 90 90 90 18 18 18 18 18 18 18 18 18 18 18 18 18 18 18 18 18 18 18 18 18 18 18 18 18 18 18 18 18 18 90 
90 90 60 18 18 18 18 18 18 18 18 18 18 19 90 90 90 90 18 18 18 18 18 18 18 18 18 18 18 18 90 90 90 18 18 18 18 18 18 18 18 18 18 18 18 18 18 18 18 90 
90 90 34 35 35 35 21 18 18 18 18 18 18 03 03 03 03 90 18 18 18 18 18 18 18 18 18 18 18 18 90 90 90 90 90 90 18 18 18 18 18 18 18 90 90 90 90 90 90 90 
90 90 90 90 90 90 34 21 18 18 18 18 18 18 18 18 18 18 18 18 18 18 18 18 18 18 18 18 18 18 90 90 90 90 90 90 90 90 90 90 18 18 90 90 90 90 90 90 90 90 
90 90 90 90 90 90 90 90 18 18 18 18 18 18 18 18 18 18 18 18 18 18 90 90 90 90 90 18 18 18 90 90 90 90 90 90 90 90 90 90 18 18 90 90 90 90 90 90 90 90 
90 90 90 90 90 90 90 90 18 18 18 18 18 18 18 18 18 18 18 18 18 18 90 90 90 90 90 18 18 18 90 90 90 90 90 90 90 90 90 90 18 18 90 90 90 90 90 90 90 90 
90 18 18 18 18 90 90 90 18 18 18 18 18 90 90 90 90 18 18 18 18 18 90 90 90 90 90 18 18 18 90 90 90 90 18 18 18 18 18 18 18 18 18 18 18 18 18 18 90 90 
90 18 18 18 18 90 90 90 18 18 18 18 18 90 90 90 90 18 18 18 18 18 18 18 18 18 18 18 18 18 90 90 90 90 18 18 18 18 18 18 18 18 18 18 18 18 18 18 90 90 
90 18 18 18 18 90 90 90 18 18 18 18 18 90 90 90 90 18 18 18 18 18 18 18 18 18 18 18 18 18 90 90 90 90 18 18 90 90 90 90 90 90 90 18 18 18 18 18 90 90 
90 18 18 18 18 90 90 90 18 18 18 18 18 90 90 90 90 90 90 90 90 90 18 18 90 90 90 90 90 90 90 90 90 90 18 18 90 90 90 90 90 90 90 18 18 18 18 18 90 90 
90 18 18 18 18 18 18 18 18 18 18 18 18 90 90 90 90 18 18 18 18 90 18 18 90 18 18 18 18 18 18 18 18 90 18 18 90 90 90 90 90 90 90 18 18 18 18 18 90 90 
90 18 18 18 18 90 90 90 18 18 18 18 18 90 90 90 90 18 18 18 18 18 18 18 18 18 18 18 18 18 18 18 18 90 18 18 90 90 90 90 90 90 90 18 18 18 18 18 90 90 
90 18 18 18 18 90 90 90 90 90 18 18 18 90 90 90 90 18 18 18 18 90 18 18 90 90 90 90 90 90 18 18 18 90 18 18 90 90 90 90 90 90 90 18 18 18 18 18 90 90 
90 18 18 18 90 90 90 90 90 90 18 18 18 90 90 90 90 90 90 90 90 90 18 18 90 90 90 90 90 90 18 18 18 90 18 18 90 90 90 90 90 90 90 90 90 90 18 18 90 90 
90 18 18 90 90 90 90 90 90 90 18 18 18 90 90 90 90 90 90 90 18 18 18 18 18 18 90 90 90 90 18 18 18 90 18 18 90 90 90 90 90 90 90 90 90 90 18 18 90 90 
90 18 18 90 90 90 90 90 90 90 18 18 18 90 90 90 90 90 90 90 18 18 18 18 18 18 90 90 90 90 18 18 18 90 18 18 90 90 90 90 90 90 90 90 90 90 18 18 90 90 
90 18 90 90 90 90 90 90 90 90 18 18 18 90 90 90 90 90 90 90 18 18 18 18 18 18 90 90 90 90 18 18 18 90 18 18 18 18 18 90 90 90 18 18 18 90 18 18 90 90 
90 18 90 90 90 90 90 90 90 90 18 18 18 90 90 90 90 90 90 90 18 18 18 18 18 18 90 90 90 90 90 90 90 90 18 18 18 18 18 90 90 90 18 18 18 18 18 18 90 90 
90 90 90 90 90 90 90 90 90 90 18 18 18 90 90 90 90 90 90 90 90 90 90 90 90 90 90 90 90 90 90 90 90 90 18 18 18 18 18 90 90 90 18 18 18 18 18 18 90 90 
90 90 90 90 90 90 90 90 90 90 18 18 18 90 90 90 90 90 90 90 90 90 90 90 90 90 90 90 90 90 90 90 90 90 18 18 18 18 18 90 90 90 18 18 18 90 90 90 90 90 
90 90 90 90 90 90 90 90 90 90 18 18 18 90 90 90 90 90 90 90 90 90 90 90 90 90 90 90 90 90 90 90 90 90 18 18 18 18 18 90 90 90 90 90 90 90 90 90 90 90 
90 90 90 90 90 90 90 90 90 90 18 18 18 18 18 18 18 18 18 18 18 18 18 18 18 18 18 18 18 18 18 18 18 18 18 18 18 18 18 90 90 90 90 90 90 90 90 90 90 90 
90 90 90 90 90 90 90 90 90 90 18 18 18 18 18 18 18 18 18 18 18 18 18 18 18 18 18 18 18 18 18 18 18 18 18 18 18 18 18 90 90 90 90 90 90 90 90 90 90 90 
90 90 90 90 90 90 90 90 90 90 90 90 90 90 90 90 90 90 90 90 90 18 18 90 90 90 90 90 90 90 90 90 90 90 90 90 18 18 18 90 90 90 18 18 18 90 90 90 90 90 
90 90 90 90 90 90 90 90 90 90 90 90 90 90 90 90 90 90 90 90 90 18 18 90 90 90 90 90 90 90 90 90 90 90 90 90 18 18 18 18 18 18 18 18 18 90 90 90 90 90 
90 90 90 90 90 90 90 90 90 90 90 90 18 18 18 18 18 18 90 90 90 18 18 90 90 90 90 90 90 90 90 90 90 90 90 90 18 18 18 18 18 18 18 18 18 18 18 90 90 90 
90 90 90 90 90 90 90 90 90 90 90 90 18 18 18 18 18 18 90 90 90 18 18 90 90 90 90 90 90 18 18 18 18 18 90 90 18 18 18 18 18 18 18 18 18 18 18 90 90 90 
90 90 90 90 90 90 90 90 90 90 90 90 18 18 90 90 90 18 18 18 18 18 18 90 90 90 90 90 90 18 18 18 18 18 90 90 18 18 18 18 18 18 18 18 18 18 18 90 90 90 
90 90 90 90 90 90 90 90 90 90 90 90 18 18 90 90 90 18 18 18 18 18 18 18 18 18 90 90 90 18 18 18 18 18 90 90 90 18 18 18 18 18 18 18 18 90 90 90 90 90 
90 90 90 90 90 90 90 90 90 90 90 90 18 18 90 90 90 18 18 18 18 18 18 18 18 18 90 90 90 18 18 18 18 18 90 90 90 18 90 90 18 18 18 18 18 90 90 90 90 90 
90 90 90 90 90 90 90 90 90 90 90 90 18 18 90 90 90 90 90 90 90 90 90 90 90 90 90 90 90 18 18 18 18 18 90 90 90 18 90 90 90 90 90 90 90 90 90 90 90 90 
90 90 90 90 90 90 90 90 90 90 90 90 18 18 90 90 90 90 90 90 90 90 90 90 90 90 90 90 90 18 18 90 90 90 90 90 90 18 90 90 90 90 90 90 90 90 90 90 90 90 
90 90 90 90 90 90 90 90 90 90 90 90 18 18 90 90 90 90 90 90 90 90 90 90 90 90 90 90 90 18 18 90 90 90 90 90 90 18 90 90 90 90 90 90 90 90 90 90 90 90 
90 90 90 90 90 90 90 90 90 90 90 90 18 18 18 18 18 18 18 18 18 18 18 18 18 18 18 18 18 18 18 18 18 18 18 18 18 18 18 18 18 18 18 18 18 18 18 90 90 90 
90 90 90 90 90 90 90 90 90 90 90 90 90 90 90 90 90 90 90 90 90 90 90 90 90 90 90 90 90 90 90 90 90 90 90 90 90 90 90 90 90 90 90 90 90 90 90 90 90 90 
90 90 90 90 90 90 90 90 90 90 90 90 90 90 90 90 90 90 90 90 90 90 90 90 90 90 90 90 90 90 90 90 90 90 90 90 90 90 90 90 90 90 90 90 90 90 90 90 90 90 